999
130 78
303 924
36 25
207 402
240 45
515 743
572 946
25 54
397 762
654 351
543 368
269 945
272 128
323 37
647 920
114 221
728 478
696 328
192 365
496 38
284 363
293 474
48 97
10 440
73 156
670 218
967 979
708 303
286 346
216 664
969 386
104 90
556 805
328 19
518 179
96 649
799 111
937 576
831 96
226 151
641 476
153 116
971 169
782 243
502 250
287 340
393 298
60 95
307 286
223 70
36 253
13 26
130 488
241 764
55 232
554 93
100 82
516 629
816 944
892 495
155 150
215 255
389 956
290 173
413 208
149 122
403 190
861 15
119 110
136 715
85 113
18 1
321 159
46 110
58 620
674 594
129 6
359 748
252 249
527 380
615 271
621 55
230 207
323 847
557 640
26 35
360 222
305 37
978 268
176 87
790 829
982 405
70 67
144 191
263 102
131 56
22 4
111 196
880 47
135 856
598 48
551 612
325 381
137 113
844 317
272 580
137 471
367 694
66 262
751 353
826 798
57 281
400 247
404 435
337 611
194 801
3 117
94 152
497 76
283 275
11 280
750 735
652 544
206 78
695 106
348 312
13 25
796 459
402 642
379 588
187 133
33 456
32 319
311 786
481 508
296 644
388 276
288 93
820 644
729 49
423 479
150 123
25 61
8 609
320 491
83 284
367 270
181 36
294 316
3 818
220 556
187 293
62 74
99 457
206 447
42 34
783 435
267 28
331 501
12 175
463 633
454 593
56 48
351 174
680 462
567 542
290 364
712 516
742 307
845 339
171 197
685 998
107 90
305 555
807 519
613 720
917 401
714 881
188 270
639 26
93 285
12 204
236 136
17 687
140 476
325 216
76 505
964 164
689 526
261 972
793 35
985 977
744 550
669 991
676 749
887 737
717 963
872 284
636 273
425 315
288 603
716 177
293 594
74 398
584 551
157 383
681 853
706 48
147 265
529 67
812 889
114 691
356 989
538 735
54 203
492 117
303 164
176 902
132 768
209 485
346 592
916 567
42 862
755 598
174 49
88 89
205 420
3 184
225 135
83 67
100 596
464 714
63 373
48 80
97 468
96 922
4 7
452 403
79 91
760 415
15 50
100 105
330 450
616 496
39 472
192 34
557 292
140 164
475 259
47 247
823 179
143 21
139 384
205 125
482 151
39 3
577 681
195 873
381 736
67 6
778 544
115 854
304 511
159 170
814 52
138 76
976 509
738 628
250 740
258 94
786 849
254 442
504 323
220 577
225 717
263 792
507 575
50 352
539 336
185 514
31 33
416 234
204 261
377 262
457 683
352 544
622 802
531 119
685 288
606 437
986 305
774 222
309 164
940 983
808 913
654 756
190 870
306 75
222 57
621 789
24 27
537 780
619 935
391 195
846 351
578 500
299 239
841 692
282 126
438 404
791 700
271 115
499 399
200 67
86 31
20 7
458 16
133 7
12 13
233 395
81 77
493 21
121 631
17 361
437 711
697 994
352 936
714 898
470 338
79 439
761 993
82 333
785 159
487 38
901 598
358 713
59 72
276 787
126 78
835 87
262 699
819 294
366 206
138 256
938 592
128 33
838 954
76 62
241 824
839 745
528 817
258 266
412 73
207 481
772 168
405 174
479 990
188 370
526 112
287 929
864 24
197 397
23 47
855 857
419 552
662 14
53 41
426 76
437 375
79 179
489 292
917 927
123 36
679 221
274 214
60 301
865 812
41 688
304 98
16 84
312 626
591 838
700 86
486 100
863 323
31 18
129 376
49 725
923 784
412 445
811 29
142 136
331 15
665 612
289 70
137 163
709 620
747 126
177 387
671 294
335 183
321 650
759 293
260 220
987 598
958 133
275 547
191 237
585 607
601 567
212 147
211 58
790 614
119 726
215 104
294 116
9 449
127 94
62 23
726 877
568 524
687 882
582 653
336 809
96 804
16 158
125 209
251 503
390 8
39 660
287 18
549 926
396 60
231 451
224 775
749 915
757 369
656 146
13 40
561 322
295 810
224 207
114 124
110 189
32 5
447 524
697 411
632 416
426 513
981 153
58 136
623 26
149 190
743 996
347 343
635 643
336 970
89 597
277 166
432 201
949 668
742 893
137 202
79 38
152 355
313 98
227 206
119 984
216 138
340 608
507 155
506 50
933 72
549 918
233 298
473 224
220 208
382 156
456 910
48 109
17 98
704 122
866 380
291 851
119 208
719 587
698 431
100 172
763 459
701 505
885 12
148 900
484 177
669 430
209 278
871 344
214 602
269 522
733 244
752 398
4 1
139 57
89 169
203 410
10 336
825 443
279 651
251 35
517 285
275 919
73 310
758 9
269 205
461 427
27 77
375 753
848 531
467 132
404 65
186 112
634 410
317 151
392 860
13 401
948 42
545 867
126 356
31 66
832 141
126 207
614 358
195 477
46 58
538 138
43 4
101 480
141 837
125 314
422 82
52 64
732 261
544 702
14 371
102 41
340 940
161 961
794 670
516 351
231 29
299 540
108 11
311 261
153 171
583 151
307 833
105 510
255 635
246 203
409 76
299 389
356 534
99 30
25 734
116 19
427 300
324 359
94 54
10 4
124 134
372 30
647 542
188 136
57 219
87 279
550 109
909 564
666 7
32 925
653 672
44 48
182 353
564 333
483 821
13 201
130 296
741 230
127 199
329 262
624 360
25 213
162 120
335 777
71 2
511 667
204 622
502 776
491 906
803 308
253 947
41 3
105 180
379 378
934 408
102 125
241 204
107 349
204 264
121 88
708 770
222 234
676 257
500 462
307 876
271 454
463 549
178 70
398 520
10 52
100 337
315 334
6 11
173 233
19 15
629 932
169 541
145 30
390 962
15 60
92 257
784 646
883 242
260 553
585 952
254 238
569 429
113 193
120 242
768 822
808 715
235 38
18 394
806 530
153 443
106 51
5 6
54 82
112 997
897 966
244 320
515 494
637 766
570 75
108 248
907 617
529 905
627 182
648 896
911 419
693 274
88 148
767 103
32 859
172 545
49 59
354 943
116 430
895 485
418 460
63 92
27 166
646 295
102 250
736 879
297 5
419 234
495 461
931 563
45 15
135 140
2 5
469 19
152 385
15 44
663 220
173 855
941 349
291 618
579 118
302 610
85 21
403 494
369 464
833 977
4 17
139 648
6 101
746 22
175 498
828 490
202 682
114 72
2 453
517 730
239 88
610 886
46 14
497 600
446 434
392 745
458 858
863 965
168 407
100 160
111 71
942 764
959 995
9 15
29 558
590 259
988 838
599 595
630 84
380 356
30 2
694 779
565 416
953 89
194 357
399 103
488 576
720 739
608 724
344 172
276 478
136 434
140 414
69 589
56 214
773 591
955 64
63 218
237 369
648 815
290 659
341 178
173 154
150 595
942 959
605 29
167 126
217 127
124 154
67 88
141 21
122 75
10 23
582 912
350 127
486 705
17 177
795 510
520 530
850 635
448 737
268 177
585 383
1 14
115 71
613 556
314 315
418 321
226 424
142 183
65 36
397 875
415 246
574 279
703 842
95 914
57 332
246 532
460 645
772 908
844 951
464 668
173 338
537 330
90 33
330 638
9 1
106 483
7 151
903 570
263 375
210 58
172 182
203 509
12 1
678 102
103 84
159 967
167 884
714 975
318 78
23 655
690 306
980 90
327 260
827 83
330 101
570 834
487 617
365 604
411 253
562 277
286 13
61 840
712 921
7 245
813 506
153 368
490 179
687 722
6 465
24 6
646 830
33 521
228 140
723 182
897 904
3 2
421 843
533 321
401 703
18 194
800 522
22 51
277 587
21 5
591 73
275 258
182 326
399 586
78 7
305 560
553 581
205 295
551 371
354 207
58 68
721 508
542 423
49 10
202 582
462 207
243 117
373 559
399 519
34 428
276 141
140 423
888 589
6 8
761 890
322 212
280 292
274 692
718 595
455 77
444 9
494 523
273 71
128 548
158 229
648 852
274 358
891 777
161 86
11 417
312 180
73 65
246 658
183 625
661 409
769 278
754 162
731 255
245 957
788 930
433 342
339 302
52 573
153 878
637 354
626 960
294 566
145 147
362 525
939 974
342 229
178 571
21 950
84 238
75 21
102 797
154 408
96 67
630 992
35 93
324 140
448 27
196 378
87 657
562 619
446 512
284 421
166 308
771 510
244 466
458 459
6 55
869 489
155 168
37 1
116 185
341 874
9 345
24 157
546 12
165 15
291 188
535 338
83 673
675 534
899 368
423 868
209 249
836 641
300 296
93 159
362 136
142 144
